(kicad_pcb (version 20171130) (host pcbnew "(5.0.0-rc2-117-g8a2639325)")

  (general
    (thickness 1.6)
    (drawings 4)
    (tracks 376)
    (zones 0)
    (modules 60)
    (nets 80)
  )

  (page A4)
  (layers
    (0 F.Cu signal)
    (31 B.Cu signal)
    (32 B.Adhes user)
    (33 F.Adhes user)
    (34 B.Paste user)
    (35 F.Paste user)
    (36 B.SilkS user)
    (37 F.SilkS user)
    (38 B.Mask user)
    (39 F.Mask user)
    (40 Dwgs.User user)
    (41 Cmts.User user hide)
    (42 Eco1.User user)
    (43 Eco2.User user)
    (44 Edge.Cuts user)
    (45 Margin user)
    (46 B.CrtYd user)
    (47 F.CrtYd user)
    (48 B.Fab user)
    (49 F.Fab user)
  )

  (setup
    (last_trace_width 1)
    (trace_clearance 0.5)
    (zone_clearance 0.5)
    (zone_45_only no)
    (trace_min 1)
    (segment_width 0.2)
    (edge_width 0.15)
    (via_size 1)
    (via_drill 0.4)
    (via_min_size 1)
    (via_min_drill 0.3)
    (uvia_size 0.3)
    (uvia_drill 0.1)
    (uvias_allowed no)
    (uvia_min_size 0.2)
    (uvia_min_drill 0.1)
    (pcb_text_width 0.3)
    (pcb_text_size 1.5 1.5)
    (mod_edge_width 0.15)
    (mod_text_size 1 1)
    (mod_text_width 0.15)
    (pad_size 2 2)
    (pad_drill 0.7)
    (pad_to_mask_clearance 0.2)
    (aux_axis_origin 0 0)
    (visible_elements 7FFFFFFF)
    (pcbplotparams
      (layerselection 0x010fc_ffffffff)
      (usegerberextensions false)
      (usegerberattributes false)
      (usegerberadvancedattributes false)
      (creategerberjobfile false)
      (excludeedgelayer true)
      (linewidth 0.100000)
      (plotframeref false)
      (viasonmask false)
      (mode 1)
      (useauxorigin false)
      (hpglpennumber 1)
      (hpglpenspeed 20)
      (hpglpendiameter 15.000000)
      (psnegative false)
      (psa4output false)
      (plotreference true)
      (plotvalue true)
      (plotinvisibletext false)
      (padsonsilk false)
      (subtractmaskfromsilk false)
      (outputformat 1)
      (mirror false)
      (drillshape 1)
      (scaleselection 1)
      (outputdirectory ""))
  )

  (net 0 "")
  (net 1 GND)
  (net 2 +5V)
  (net 3 "Net-(D1-Pad1)")
  (net 4 "Net-(J1-Pad6)")
  (net 5 /ICSPDAT)
  (net 6 /ICSPCLK)
  (net 7 /MCLR)
  (net 8 "Net-(R2-Pad1)")
  (net 9 "Net-(R3-Pad1)")
  (net 10 /CONTINUE)
  (net 11 "Net-(R5-Pad2)")
  (net 12 /RESET_CTR)
  (net 13 "Net-(R8-Pad2)")
  (net 14 /MANUAL_RESET)
  (net 15 /MANUAL_TRIGGER)
  (net 16 /WATCH_RCLK)
  (net 17 /CTR_CLK)
  (net 18 /WATCH_CLK)
  (net 19 /TRIGGER)
  (net 20 /WATCH_DATA)
  (net 21 "Net-(U4-Pad12)")
  (net 22 "Net-(U4-Pad1)")
  (net 23 /EXT_TRIGGER)
  (net 24 "Net-(J1-Pad2)")
  (net 25 "Net-(J1-Pad3)")
  (net 26 "Net-(J1-Pad4)")
  (net 27 "Net-(J2-Pad6)")
  (net 28 "Net-(U2-Pad3)")
  (net 29 "Net-(U3-Pad9)")
  (net 30 "Net-(U6-Pad1)")
  (net 31 "Net-(U6-Pad9)")
  (net 32 /CA2)
  (net 33 /CA1)
  (net 34 "Net-(U6-Pad11)")
  (net 35 /CA3)
  (net 36 "Net-(U6-Pad12)")
  (net 37 "Net-(U6-Pad5)")
  (net 38 "Net-(U6-Pad6)")
  (net 39 /CA4)
  (net 40 "Net-(Q8-Pad3)")
  (net 41 "Net-(Q8-Pad2)")
  (net 42 "Net-(Q12-Pad2)")
  (net 43 "Net-(Q12-Pad1)")
  (net 44 "Net-(Q11-Pad1)")
  (net 45 "Net-(Q11-Pad2)")
  (net 46 "Net-(Q10-Pad2)")
  (net 47 "Net-(Q10-Pad1)")
  (net 48 "Net-(Q9-Pad1)")
  (net 49 "Net-(Q9-Pad2)")
  (net 50 "Net-(Q7-Pad2)")
  (net 51 "Net-(Q7-Pad3)")
  (net 52 "Net-(Q5-Pad3)")
  (net 53 "Net-(Q5-Pad2)")
  (net 54 "Net-(Q3-Pad2)")
  (net 55 "Net-(Q3-Pad3)")
  (net 56 "Net-(Q2-Pad3)")
  (net 57 "Net-(Q2-Pad2)")
  (net 58 "Net-(Q1-Pad2)")
  (net 59 "Net-(Q1-Pad3)")
  (net 60 "Net-(Q6-Pad3)")
  (net 61 "Net-(Q6-Pad2)")
  (net 62 "Net-(Q4-Pad2)")
  (net 63 "Net-(Q4-Pad3)")
  (net 64 /e)
  (net 65 /QC)
  (net 66 /QG)
  (net 67 /c)
  (net 68 /g)
  (net 69 /QD)
  (net 70 /QDP)
  (net 71 /d)
  (net 72 /QA)
  (net 73 /dp)
  (net 74 /QF)
  (net 75 /b)
  (net 76 /QE)
  (net 77 /a)
  (net 78 /QB)
  (net 79 /f)

  (net_class Default "This is the default net class."
    (clearance 0.5)
    (trace_width 1)
    (via_dia 1)
    (via_drill 0.4)
    (uvia_dia 0.3)
    (uvia_drill 0.1)
    (diff_pair_gap 0.25)
    (diff_pair_width 1)
    (add_net +5V)
    (add_net /CA1)
    (add_net /CA2)
    (add_net /CA3)
    (add_net /CA4)
    (add_net /CONTINUE)
    (add_net /CTR_CLK)
    (add_net /EXT_TRIGGER)
    (add_net /ICSPCLK)
    (add_net /ICSPDAT)
    (add_net /MANUAL_RESET)
    (add_net /MANUAL_TRIGGER)
    (add_net /MCLR)
    (add_net /QA)
    (add_net /QB)
    (add_net /QC)
    (add_net /QD)
    (add_net /QDP)
    (add_net /QE)
    (add_net /QF)
    (add_net /QG)
    (add_net /RESET_CTR)
    (add_net /TRIGGER)
    (add_net /WATCH_CLK)
    (add_net /WATCH_DATA)
    (add_net /WATCH_RCLK)
    (add_net /a)
    (add_net /b)
    (add_net /c)
    (add_net /d)
    (add_net /dp)
    (add_net /e)
    (add_net /f)
    (add_net /g)
    (add_net GND)
    (add_net "Net-(D1-Pad1)")
    (add_net "Net-(J1-Pad2)")
    (add_net "Net-(J1-Pad3)")
    (add_net "Net-(J1-Pad4)")
    (add_net "Net-(J1-Pad6)")
    (add_net "Net-(J2-Pad6)")
    (add_net "Net-(Q1-Pad2)")
    (add_net "Net-(Q1-Pad3)")
    (add_net "Net-(Q10-Pad1)")
    (add_net "Net-(Q10-Pad2)")
    (add_net "Net-(Q11-Pad1)")
    (add_net "Net-(Q11-Pad2)")
    (add_net "Net-(Q12-Pad1)")
    (add_net "Net-(Q12-Pad2)")
    (add_net "Net-(Q2-Pad2)")
    (add_net "Net-(Q2-Pad3)")
    (add_net "Net-(Q3-Pad2)")
    (add_net "Net-(Q3-Pad3)")
    (add_net "Net-(Q4-Pad2)")
    (add_net "Net-(Q4-Pad3)")
    (add_net "Net-(Q5-Pad2)")
    (add_net "Net-(Q5-Pad3)")
    (add_net "Net-(Q6-Pad2)")
    (add_net "Net-(Q6-Pad3)")
    (add_net "Net-(Q7-Pad2)")
    (add_net "Net-(Q7-Pad3)")
    (add_net "Net-(Q8-Pad2)")
    (add_net "Net-(Q8-Pad3)")
    (add_net "Net-(Q9-Pad1)")
    (add_net "Net-(Q9-Pad2)")
    (add_net "Net-(R2-Pad1)")
    (add_net "Net-(R3-Pad1)")
    (add_net "Net-(R5-Pad2)")
    (add_net "Net-(R8-Pad2)")
    (add_net "Net-(U2-Pad3)")
    (add_net "Net-(U3-Pad9)")
    (add_net "Net-(U4-Pad1)")
    (add_net "Net-(U4-Pad12)")
    (add_net "Net-(U6-Pad1)")
    (add_net "Net-(U6-Pad11)")
    (add_net "Net-(U6-Pad12)")
    (add_net "Net-(U6-Pad5)")
    (add_net "Net-(U6-Pad6)")
    (add_net "Net-(U6-Pad9)")
  )

  (module TO_SOT_Packages_THT:TO-92_Inline_Wide (layer F.Cu) (tedit 5B68B84A) (tstamp 5B6AB036)
    (at 231.648 69.088 90)
    (descr "TO-92 leads in-line, wide, drill 0.8mm (see NXP sot054_po.pdf)")
    (tags "to-92 sc-43 sc-43a sot54 PA33 transistor")
    (path /5B7B2A27)
    (fp_text reference Q4 (at 2.54 -3.56 270) (layer F.SilkS)
      (effects (font (size 1 1) (thickness 0.15)))
    )
    (fp_text value 2N3904 (at 2.54 2.79 90) (layer F.Fab)
      (effects (font (size 1 1) (thickness 0.15)))
    )
    (fp_text user %R (at 2.54 -3.56 270) (layer F.Fab)
      (effects (font (size 1 1) (thickness 0.15)))
    )
    (fp_line (start 0.74 1.85) (end 4.34 1.85) (layer F.SilkS) (width 0.12))
    (fp_line (start 0.8 1.75) (end 4.3 1.75) (layer F.Fab) (width 0.1))
    (fp_line (start -1.01 -2.73) (end 6.09 -2.73) (layer F.CrtYd) (width 0.05))
    (fp_line (start -1.01 -2.73) (end -1.01 2.01) (layer F.CrtYd) (width 0.05))
    (fp_line (start 6.09 2.01) (end 6.09 -2.73) (layer F.CrtYd) (width 0.05))
    (fp_line (start 6.09 2.01) (end -1.01 2.01) (layer F.CrtYd) (width 0.05))
    (fp_arc (start 2.54 0) (end 0.74 1.85) (angle 20) (layer F.SilkS) (width 0.12))
    (fp_arc (start 2.54 0) (end 2.54 -2.6) (angle -65) (layer F.SilkS) (width 0.12))
    (fp_arc (start 2.54 0) (end 2.54 -2.6) (angle 65) (layer F.SilkS) (width 0.12))
    (fp_arc (start 2.54 0) (end 2.54 -2.48) (angle 135) (layer F.Fab) (width 0.1))
    (fp_arc (start 2.54 0) (end 2.54 -2.48) (angle -135) (layer F.Fab) (width 0.1))
    (fp_arc (start 2.54 0) (end 4.34 1.85) (angle -20) (layer F.SilkS) (width 0.12))
    (pad 2 thru_hole oval (at 2.54 0 90) (size 2 2) (drill 0.7) (layers *.Cu *.Mask)
      (net 62 "Net-(Q4-Pad2)"))
    (pad 3 thru_hole oval (at 5.08 0 90) (size 2 2) (drill 0.7) (layers *.Cu *.Mask)
      (net 63 "Net-(Q4-Pad3)"))
    (pad 1 thru_hole rect (at 0 0 90) (size 2 2) (drill 0.7) (layers *.Cu *.Mask)
      (net 1 GND))
    (model ${KISYS3DMOD}/TO_SOT_Packages_THT.3dshapes/TO-92_Inline_Wide.wrl
      (offset (xyz 2.539999961853027 0 0))
      (scale (xyz 1 1 1))
      (rotate (xyz 0 0 -90))
    )
  )

  (module TO_SOT_Packages_THT:TO-92_Inline_Wide (layer F.Cu) (tedit 5B68B842) (tstamp 5B6AB023)
    (at 231.648 61.468 90)
    (descr "TO-92 leads in-line, wide, drill 0.8mm (see NXP sot054_po.pdf)")
    (tags "to-92 sc-43 sc-43a sot54 PA33 transistor")
    (path /5B7B2A45)
    (fp_text reference Q6 (at 2.54 -3.56 270) (layer F.SilkS)
      (effects (font (size 1 1) (thickness 0.15)))
    )
    (fp_text value 2N3904 (at 2.54 2.79 90) (layer F.Fab)
      (effects (font (size 1 1) (thickness 0.15)))
    )
    (fp_arc (start 2.54 0) (end 4.34 1.85) (angle -20) (layer F.SilkS) (width 0.12))
    (fp_arc (start 2.54 0) (end 2.54 -2.48) (angle -135) (layer F.Fab) (width 0.1))
    (fp_arc (start 2.54 0) (end 2.54 -2.48) (angle 135) (layer F.Fab) (width 0.1))
    (fp_arc (start 2.54 0) (end 2.54 -2.6) (angle 65) (layer F.SilkS) (width 0.12))
    (fp_arc (start 2.54 0) (end 2.54 -2.6) (angle -65) (layer F.SilkS) (width 0.12))
    (fp_arc (start 2.54 0) (end 0.74 1.85) (angle 20) (layer F.SilkS) (width 0.12))
    (fp_line (start 6.09 2.01) (end -1.01 2.01) (layer F.CrtYd) (width 0.05))
    (fp_line (start 6.09 2.01) (end 6.09 -2.73) (layer F.CrtYd) (width 0.05))
    (fp_line (start -1.01 -2.73) (end -1.01 2.01) (layer F.CrtYd) (width 0.05))
    (fp_line (start -1.01 -2.73) (end 6.09 -2.73) (layer F.CrtYd) (width 0.05))
    (fp_line (start 0.8 1.75) (end 4.3 1.75) (layer F.Fab) (width 0.1))
    (fp_line (start 0.74 1.85) (end 4.34 1.85) (layer F.SilkS) (width 0.12))
    (fp_text user %R (at 2.54 -3.56 270) (layer F.Fab)
      (effects (font (size 1 1) (thickness 0.15)))
    )
    (pad 1 thru_hole rect (at 0 0 90) (size 2 2) (drill 0.7) (layers *.Cu *.Mask)
      (net 1 GND))
    (pad 3 thru_hole oval (at 5.08 0 90) (size 2 2) (drill 0.7) (layers *.Cu *.Mask)
      (net 60 "Net-(Q6-Pad3)"))
    (pad 2 thru_hole oval (at 2.54 0 90) (size 2 2) (drill 0.7) (layers *.Cu *.Mask)
      (net 61 "Net-(Q6-Pad2)"))
    (model ${KISYS3DMOD}/TO_SOT_Packages_THT.3dshapes/TO-92_Inline_Wide.wrl
      (offset (xyz 2.539999961853027 0 0))
      (scale (xyz 1 1 1))
      (rotate (xyz 0 0 -90))
    )
  )

  (module TO_SOT_Packages_THT:TO-92_Inline_Wide (layer F.Cu) (tedit 5B68B874) (tstamp 5B6AB010)
    (at 232.156 107.696 90)
    (descr "TO-92 leads in-line, wide, drill 0.8mm (see NXP sot054_po.pdf)")
    (tags "to-92 sc-43 sc-43a sot54 PA33 transistor")
    (path /5B716996)
    (fp_text reference Q1 (at 2.54 -3.56 270) (layer F.SilkS)
      (effects (font (size 1 1) (thickness 0.15)))
    )
    (fp_text value 2N3904 (at 2.54 2.79 90) (layer F.Fab)
      (effects (font (size 1 1) (thickness 0.15)))
    )
    (fp_text user %R (at 2.54 -3.56 270) (layer F.Fab)
      (effects (font (size 1 1) (thickness 0.15)))
    )
    (fp_line (start 0.74 1.85) (end 4.34 1.85) (layer F.SilkS) (width 0.12))
    (fp_line (start 0.8 1.75) (end 4.3 1.75) (layer F.Fab) (width 0.1))
    (fp_line (start -1.01 -2.73) (end 6.09 -2.73) (layer F.CrtYd) (width 0.05))
    (fp_line (start -1.01 -2.73) (end -1.01 2.01) (layer F.CrtYd) (width 0.05))
    (fp_line (start 6.09 2.01) (end 6.09 -2.73) (layer F.CrtYd) (width 0.05))
    (fp_line (start 6.09 2.01) (end -1.01 2.01) (layer F.CrtYd) (width 0.05))
    (fp_arc (start 2.54 0) (end 0.74 1.85) (angle 20) (layer F.SilkS) (width 0.12))
    (fp_arc (start 2.54 0) (end 2.54 -2.6) (angle -65) (layer F.SilkS) (width 0.12))
    (fp_arc (start 2.54 0) (end 2.54 -2.6) (angle 65) (layer F.SilkS) (width 0.12))
    (fp_arc (start 2.54 0) (end 2.54 -2.48) (angle 135) (layer F.Fab) (width 0.1))
    (fp_arc (start 2.54 0) (end 2.54 -2.48) (angle -135) (layer F.Fab) (width 0.1))
    (fp_arc (start 2.54 0) (end 4.34 1.85) (angle -20) (layer F.SilkS) (width 0.12))
    (pad 2 thru_hole oval (at 2.54 0 90) (size 2 2) (drill 0.7) (layers *.Cu *.Mask)
      (net 58 "Net-(Q1-Pad2)"))
    (pad 3 thru_hole oval (at 5.08 0 90) (size 2 2) (drill 0.7) (layers *.Cu *.Mask)
      (net 59 "Net-(Q1-Pad3)"))
    (pad 1 thru_hole rect (at 0 0 90) (size 2 2) (drill 0.7) (layers *.Cu *.Mask)
      (net 1 GND))
    (model ${KISYS3DMOD}/TO_SOT_Packages_THT.3dshapes/TO-92_Inline_Wide.wrl
      (offset (xyz 2.539999961853027 0 0))
      (scale (xyz 1 1 1))
      (rotate (xyz 0 0 -90))
    )
  )

  (module TO_SOT_Packages_THT:TO-92_Inline_Wide (layer F.Cu) (tedit 58CE52AF) (tstamp 5B6AAFFD)
    (at 231.648 76.708 90)
    (descr "TO-92 leads in-line, wide, drill 0.8mm (see NXP sot054_po.pdf)")
    (tags "to-92 sc-43 sc-43a sot54 PA33 transistor")
    (path /5B7B2A09)
    (fp_text reference Q2 (at 2.54 -3.56 270) (layer F.SilkS)
      (effects (font (size 1 1) (thickness 0.15)))
    )
    (fp_text value 2N3904 (at 2.54 2.79 90) (layer F.Fab)
      (effects (font (size 1 1) (thickness 0.15)))
    )
    (fp_arc (start 2.54 0) (end 4.34 1.85) (angle -20) (layer F.SilkS) (width 0.12))
    (fp_arc (start 2.54 0) (end 2.54 -2.48) (angle -135) (layer F.Fab) (width 0.1))
    (fp_arc (start 2.54 0) (end 2.54 -2.48) (angle 135) (layer F.Fab) (width 0.1))
    (fp_arc (start 2.54 0) (end 2.54 -2.6) (angle 65) (layer F.SilkS) (width 0.12))
    (fp_arc (start 2.54 0) (end 2.54 -2.6) (angle -65) (layer F.SilkS) (width 0.12))
    (fp_arc (start 2.54 0) (end 0.74 1.85) (angle 20) (layer F.SilkS) (width 0.12))
    (fp_line (start 6.09 2.01) (end -1.01 2.01) (layer F.CrtYd) (width 0.05))
    (fp_line (start 6.09 2.01) (end 6.09 -2.73) (layer F.CrtYd) (width 0.05))
    (fp_line (start -1.01 -2.73) (end -1.01 2.01) (layer F.CrtYd) (width 0.05))
    (fp_line (start -1.01 -2.73) (end 6.09 -2.73) (layer F.CrtYd) (width 0.05))
    (fp_line (start 0.8 1.75) (end 4.3 1.75) (layer F.Fab) (width 0.1))
    (fp_line (start 0.74 1.85) (end 4.34 1.85) (layer F.SilkS) (width 0.12))
    (fp_text user %R (at 2.54 -3.56 270) (layer F.Fab)
      (effects (font (size 1 1) (thickness 0.15)))
    )
    (pad 1 thru_hole oval (at 0 0 90) (size 2 2) (drill 0.7) (layers *.Cu *.Mask)
      (net 1 GND))
    (pad 3 thru_hole oval (at 5.08 0 90) (size 2 2) (drill 0.7) (layers *.Cu *.Mask)
      (net 56 "Net-(Q2-Pad3)"))
    (pad 2 thru_hole oval (at 2.54 0 90) (size 2 2) (drill 0.7) (layers *.Cu *.Mask)
      (net 57 "Net-(Q2-Pad2)"))
    (model ${KISYS3DMOD}/TO_SOT_Packages_THT.3dshapes/TO-92_Inline_Wide.wrl
      (offset (xyz 2.539999961853027 0 0))
      (scale (xyz 1 1 1))
      (rotate (xyz 0 0 -90))
    )
  )

  (module TO_SOT_Packages_THT:TO-92_Inline_Wide (layer F.Cu) (tedit 5B68B866) (tstamp 5B6AAFEA)
    (at 232.1306 99.568 90)
    (descr "TO-92 leads in-line, wide, drill 0.8mm (see NXP sot054_po.pdf)")
    (tags "to-92 sc-43 sc-43a sot54 PA33 transistor")
    (path /5B7A940D)
    (fp_text reference Q3 (at 2.54 -3.56 270) (layer F.SilkS)
      (effects (font (size 1 1) (thickness 0.15)))
    )
    (fp_text value 2N3904 (at 2.54 2.79 90) (layer F.Fab)
      (effects (font (size 1 1) (thickness 0.15)))
    )
    (fp_text user %R (at 2.54 -3.56 270) (layer F.Fab)
      (effects (font (size 1 1) (thickness 0.15)))
    )
    (fp_line (start 0.74 1.85) (end 4.34 1.85) (layer F.SilkS) (width 0.12))
    (fp_line (start 0.8 1.75) (end 4.3 1.75) (layer F.Fab) (width 0.1))
    (fp_line (start -1.01 -2.73) (end 6.09 -2.73) (layer F.CrtYd) (width 0.05))
    (fp_line (start -1.01 -2.73) (end -1.01 2.01) (layer F.CrtYd) (width 0.05))
    (fp_line (start 6.09 2.01) (end 6.09 -2.73) (layer F.CrtYd) (width 0.05))
    (fp_line (start 6.09 2.01) (end -1.01 2.01) (layer F.CrtYd) (width 0.05))
    (fp_arc (start 2.54 0) (end 0.74 1.85) (angle 20) (layer F.SilkS) (width 0.12))
    (fp_arc (start 2.54 0) (end 2.54 -2.6) (angle -65) (layer F.SilkS) (width 0.12))
    (fp_arc (start 2.54 0) (end 2.54 -2.6) (angle 65) (layer F.SilkS) (width 0.12))
    (fp_arc (start 2.54 0) (end 2.54 -2.48) (angle 135) (layer F.Fab) (width 0.1))
    (fp_arc (start 2.54 0) (end 2.54 -2.48) (angle -135) (layer F.Fab) (width 0.1))
    (fp_arc (start 2.54 0) (end 4.34 1.85) (angle -20) (layer F.SilkS) (width 0.12))
    (pad 2 thru_hole oval (at 2.54 0 90) (size 2 2) (drill 0.7) (layers *.Cu *.Mask)
      (net 54 "Net-(Q3-Pad2)"))
    (pad 3 thru_hole oval (at 5.08 0 90) (size 2 2) (drill 0.7) (layers *.Cu *.Mask)
      (net 55 "Net-(Q3-Pad3)"))
    (pad 1 thru_hole rect (at 0 0 90) (size 2 2) (drill 0.7) (layers *.Cu *.Mask)
      (net 1 GND))
    (model ${KISYS3DMOD}/TO_SOT_Packages_THT.3dshapes/TO-92_Inline_Wide.wrl
      (offset (xyz 2.539999961853027 0 0))
      (scale (xyz 1 1 1))
      (rotate (xyz 0 0 -90))
    )
  )

  (module TO_SOT_Packages_THT:TO-92_Inline_Wide (layer F.Cu) (tedit 5B68B85E) (tstamp 5B6AAFD7)
    (at 232.156 91.948 90)
    (descr "TO-92 leads in-line, wide, drill 0.8mm (see NXP sot054_po.pdf)")
    (tags "to-92 sc-43 sc-43a sot54 PA33 transistor")
    (path /5B7AC516)
    (fp_text reference Q5 (at 2.54 -3.56 270) (layer F.SilkS)
      (effects (font (size 1 1) (thickness 0.15)))
    )
    (fp_text value 2N3904 (at 2.54 2.79 90) (layer F.Fab)
      (effects (font (size 1 1) (thickness 0.15)))
    )
    (fp_arc (start 2.54 0) (end 4.34 1.85) (angle -20) (layer F.SilkS) (width 0.12))
    (fp_arc (start 2.54 0) (end 2.54 -2.48) (angle -135) (layer F.Fab) (width 0.1))
    (fp_arc (start 2.54 0) (end 2.54 -2.48) (angle 135) (layer F.Fab) (width 0.1))
    (fp_arc (start 2.54 0) (end 2.54 -2.6) (angle 65) (layer F.SilkS) (width 0.12))
    (fp_arc (start 2.54 0) (end 2.54 -2.6) (angle -65) (layer F.SilkS) (width 0.12))
    (fp_arc (start 2.54 0) (end 0.74 1.85) (angle 20) (layer F.SilkS) (width 0.12))
    (fp_line (start 6.09 2.01) (end -1.01 2.01) (layer F.CrtYd) (width 0.05))
    (fp_line (start 6.09 2.01) (end 6.09 -2.73) (layer F.CrtYd) (width 0.05))
    (fp_line (start -1.01 -2.73) (end -1.01 2.01) (layer F.CrtYd) (width 0.05))
    (fp_line (start -1.01 -2.73) (end 6.09 -2.73) (layer F.CrtYd) (width 0.05))
    (fp_line (start 0.8 1.75) (end 4.3 1.75) (layer F.Fab) (width 0.1))
    (fp_line (start 0.74 1.85) (end 4.34 1.85) (layer F.SilkS) (width 0.12))
    (fp_text user %R (at 2.54 -3.56 270) (layer F.Fab)
      (effects (font (size 1 1) (thickness 0.15)))
    )
    (pad 1 thru_hole rect (at 0 0 90) (size 2 2) (drill 0.7) (layers *.Cu *.Mask)
      (net 1 GND))
    (pad 3 thru_hole oval (at 5.08 0 90) (size 2 2) (drill 0.7) (layers *.Cu *.Mask)
      (net 52 "Net-(Q5-Pad3)"))
    (pad 2 thru_hole oval (at 2.54 0 90) (size 2 2) (drill 0.7) (layers *.Cu *.Mask)
      (net 53 "Net-(Q5-Pad2)"))
    (model ${KISYS3DMOD}/TO_SOT_Packages_THT.3dshapes/TO-92_Inline_Wide.wrl
      (offset (xyz 2.539999961853027 0 0))
      (scale (xyz 1 1 1))
      (rotate (xyz 0 0 -90))
    )
  )

  (module TO_SOT_Packages_THT:TO-92_Inline_Wide (layer F.Cu) (tedit 5B68B854) (tstamp 5B6AAFC4)
    (at 231.648 84.328 90)
    (descr "TO-92 leads in-line, wide, drill 0.8mm (see NXP sot054_po.pdf)")
    (tags "to-92 sc-43 sc-43a sot54 PA33 transistor")
    (path /5B7AF697)
    (fp_text reference Q7 (at 2.54 -3.56 270) (layer F.SilkS)
      (effects (font (size 1 1) (thickness 0.15)))
    )
    (fp_text value 2N3904 (at 2.54 2.79 90) (layer F.Fab)
      (effects (font (size 1 1) (thickness 0.15)))
    )
    (fp_text user %R (at 2.54 -3.56 270) (layer F.Fab)
      (effects (font (size 1 1) (thickness 0.15)))
    )
    (fp_line (start 0.74 1.85) (end 4.34 1.85) (layer F.SilkS) (width 0.12))
    (fp_line (start 0.8 1.75) (end 4.3 1.75) (layer F.Fab) (width 0.1))
    (fp_line (start -1.01 -2.73) (end 6.09 -2.73) (layer F.CrtYd) (width 0.05))
    (fp_line (start -1.01 -2.73) (end -1.01 2.01) (layer F.CrtYd) (width 0.05))
    (fp_line (start 6.09 2.01) (end 6.09 -2.73) (layer F.CrtYd) (width 0.05))
    (fp_line (start 6.09 2.01) (end -1.01 2.01) (layer F.CrtYd) (width 0.05))
    (fp_arc (start 2.54 0) (end 0.74 1.85) (angle 20) (layer F.SilkS) (width 0.12))
    (fp_arc (start 2.54 0) (end 2.54 -2.6) (angle -65) (layer F.SilkS) (width 0.12))
    (fp_arc (start 2.54 0) (end 2.54 -2.6) (angle 65) (layer F.SilkS) (width 0.12))
    (fp_arc (start 2.54 0) (end 2.54 -2.48) (angle 135) (layer F.Fab) (width 0.1))
    (fp_arc (start 2.54 0) (end 2.54 -2.48) (angle -135) (layer F.Fab) (width 0.1))
    (fp_arc (start 2.54 0) (end 4.34 1.85) (angle -20) (layer F.SilkS) (width 0.12))
    (pad 2 thru_hole oval (at 2.54 0 90) (size 2 2) (drill 0.7) (layers *.Cu *.Mask)
      (net 50 "Net-(Q7-Pad2)"))
    (pad 3 thru_hole oval (at 5.08 0 90) (size 2 2) (drill 0.7) (layers *.Cu *.Mask)
      (net 51 "Net-(Q7-Pad3)"))
    (pad 1 thru_hole rect (at 0 0 90) (size 2 2) (drill 0.7) (layers *.Cu *.Mask)
      (net 1 GND))
    (model ${KISYS3DMOD}/TO_SOT_Packages_THT.3dshapes/TO-92_Inline_Wide.wrl
      (offset (xyz 2.539999961853027 0 0))
      (scale (xyz 1 1 1))
      (rotate (xyz 0 0 -90))
    )
  )

  (module TO_SOT_Packages_THT:TO-92_Inline_Wide (layer F.Cu) (tedit 5B68B818) (tstamp 5B6AAFB1)
    (at 138.176 94.996)
    (descr "TO-92 leads in-line, wide, drill 0.8mm (see NXP sot054_po.pdf)")
    (tags "to-92 sc-43 sc-43a sot54 PA33 transistor")
    (path /5B74B4D5)
    (fp_text reference Q9 (at 2.54 -3.56 180) (layer F.SilkS)
      (effects (font (size 1 1) (thickness 0.15)))
    )
    (fp_text value 2N3904 (at 2.54 2.79) (layer F.Fab)
      (effects (font (size 1 1) (thickness 0.15)))
    )
    (fp_arc (start 2.54 0) (end 4.34 1.85) (angle -20) (layer F.SilkS) (width 0.12))
    (fp_arc (start 2.54 0) (end 2.54 -2.48) (angle -135) (layer F.Fab) (width 0.1))
    (fp_arc (start 2.54 0) (end 2.54 -2.48) (angle 135) (layer F.Fab) (width 0.1))
    (fp_arc (start 2.54 0) (end 2.54 -2.6) (angle 65) (layer F.SilkS) (width 0.12))
    (fp_arc (start 2.54 0) (end 2.54 -2.6) (angle -65) (layer F.SilkS) (width 0.12))
    (fp_arc (start 2.54 0) (end 0.74 1.85) (angle 20) (layer F.SilkS) (width 0.12))
    (fp_line (start 6.09 2.01) (end -1.01 2.01) (layer F.CrtYd) (width 0.05))
    (fp_line (start 6.09 2.01) (end 6.09 -2.73) (layer F.CrtYd) (width 0.05))
    (fp_line (start -1.01 -2.73) (end -1.01 2.01) (layer F.CrtYd) (width 0.05))
    (fp_line (start -1.01 -2.73) (end 6.09 -2.73) (layer F.CrtYd) (width 0.05))
    (fp_line (start 0.8 1.75) (end 4.3 1.75) (layer F.Fab) (width 0.1))
    (fp_line (start 0.74 1.85) (end 4.34 1.85) (layer F.SilkS) (width 0.12))
    (fp_text user %R (at 2.54 -3.56 180) (layer F.Fab)
      (effects (font (size 1 1) (thickness 0.15)))
    )
    (pad 1 thru_hole rect (at 0 0) (size 2 2) (drill 0.7) (layers *.Cu *.Mask)
      (net 48 "Net-(Q9-Pad1)"))
    (pad 3 thru_hole oval (at 5.08 0) (size 2 2) (drill 0.7) (layers *.Cu *.Mask)
      (net 2 +5V))
    (pad 2 thru_hole oval (at 2.54 0) (size 2 2) (drill 0.7) (layers *.Cu *.Mask)
      (net 49 "Net-(Q9-Pad2)"))
    (model ${KISYS3DMOD}/TO_SOT_Packages_THT.3dshapes/TO-92_Inline_Wide.wrl
      (offset (xyz 2.539999961853027 0 0))
      (scale (xyz 1 1 1))
      (rotate (xyz 0 0 -90))
    )
  )

  (module TO_SOT_Packages_THT:TO-92_Inline_Wide (layer F.Cu) (tedit 5B68B810) (tstamp 5B6AAF9E)
    (at 130.556 94.996)
    (descr "TO-92 leads in-line, wide, drill 0.8mm (see NXP sot054_po.pdf)")
    (tags "to-92 sc-43 sc-43a sot54 PA33 transistor")
    (path /5B758308)
    (fp_text reference Q10 (at 2.54 -3.56 180) (layer F.SilkS)
      (effects (font (size 1 1) (thickness 0.15)))
    )
    (fp_text value 2N3904 (at 2.54 2.79) (layer F.Fab)
      (effects (font (size 1 1) (thickness 0.15)))
    )
    (fp_text user %R (at 2.54 -3.56 180) (layer F.Fab)
      (effects (font (size 1 1) (thickness 0.15)))
    )
    (fp_line (start 0.74 1.85) (end 4.34 1.85) (layer F.SilkS) (width 0.12))
    (fp_line (start 0.8 1.75) (end 4.3 1.75) (layer F.Fab) (width 0.1))
    (fp_line (start -1.01 -2.73) (end 6.09 -2.73) (layer F.CrtYd) (width 0.05))
    (fp_line (start -1.01 -2.73) (end -1.01 2.01) (layer F.CrtYd) (width 0.05))
    (fp_line (start 6.09 2.01) (end 6.09 -2.73) (layer F.CrtYd) (width 0.05))
    (fp_line (start 6.09 2.01) (end -1.01 2.01) (layer F.CrtYd) (width 0.05))
    (fp_arc (start 2.54 0) (end 0.74 1.85) (angle 20) (layer F.SilkS) (width 0.12))
    (fp_arc (start 2.54 0) (end 2.54 -2.6) (angle -65) (layer F.SilkS) (width 0.12))
    (fp_arc (start 2.54 0) (end 2.54 -2.6) (angle 65) (layer F.SilkS) (width 0.12))
    (fp_arc (start 2.54 0) (end 2.54 -2.48) (angle 135) (layer F.Fab) (width 0.1))
    (fp_arc (start 2.54 0) (end 2.54 -2.48) (angle -135) (layer F.Fab) (width 0.1))
    (fp_arc (start 2.54 0) (end 4.34 1.85) (angle -20) (layer F.SilkS) (width 0.12))
    (pad 2 thru_hole oval (at 2.54 0) (size 2 2) (drill 0.7) (layers *.Cu *.Mask)
      (net 46 "Net-(Q10-Pad2)"))
    (pad 3 thru_hole oval (at 5.08 0) (size 2 2) (drill 0.7) (layers *.Cu *.Mask)
      (net 2 +5V))
    (pad 1 thru_hole rect (at 0 0) (size 2 2) (drill 0.7) (layers *.Cu *.Mask)
      (net 47 "Net-(Q10-Pad1)"))
    (model ${KISYS3DMOD}/TO_SOT_Packages_THT.3dshapes/TO-92_Inline_Wide.wrl
      (offset (xyz 2.539999961853027 0 0))
      (scale (xyz 1 1 1))
      (rotate (xyz 0 0 -90))
    )
  )

  (module TO_SOT_Packages_THT:TO-92_Inline_Wide (layer F.Cu) (tedit 5B68B821) (tstamp 5B6AAF8B)
    (at 145.796 94.996)
    (descr "TO-92 leads in-line, wide, drill 0.8mm (see NXP sot054_po.pdf)")
    (tags "to-92 sc-43 sc-43a sot54 PA33 transistor")
    (path /5B7692B2)
    (fp_text reference Q11 (at 2.54 -3.56 180) (layer F.SilkS)
      (effects (font (size 1 1) (thickness 0.15)))
    )
    (fp_text value 2N3904 (at 2.54 2.79) (layer F.Fab)
      (effects (font (size 1 1) (thickness 0.15)))
    )
    (fp_arc (start 2.54 0) (end 4.34 1.85) (angle -20) (layer F.SilkS) (width 0.12))
    (fp_arc (start 2.54 0) (end 2.54 -2.48) (angle -135) (layer F.Fab) (width 0.1))
    (fp_arc (start 2.54 0) (end 2.54 -2.48) (angle 135) (layer F.Fab) (width 0.1))
    (fp_arc (start 2.54 0) (end 2.54 -2.6) (angle 65) (layer F.SilkS) (width 0.12))
    (fp_arc (start 2.54 0) (end 2.54 -2.6) (angle -65) (layer F.SilkS) (width 0.12))
    (fp_arc (start 2.54 0) (end 0.74 1.85) (angle 20) (layer F.SilkS) (width 0.12))
    (fp_line (start 6.09 2.01) (end -1.01 2.01) (layer F.CrtYd) (width 0.05))
    (fp_line (start 6.09 2.01) (end 6.09 -2.73) (layer F.CrtYd) (width 0.05))
    (fp_line (start -1.01 -2.73) (end -1.01 2.01) (layer F.CrtYd) (width 0.05))
    (fp_line (start -1.01 -2.73) (end 6.09 -2.73) (layer F.CrtYd) (width 0.05))
    (fp_line (start 0.8 1.75) (end 4.3 1.75) (layer F.Fab) (width 0.1))
    (fp_line (start 0.74 1.85) (end 4.34 1.85) (layer F.SilkS) (width 0.12))
    (fp_text user %R (at 2.54 -3.56 180) (layer F.Fab)
      (effects (font (size 1 1) (thickness 0.15)))
    )
    (pad 1 thru_hole rect (at 0 0) (size 2 2) (drill 0.7) (layers *.Cu *.Mask)
      (net 44 "Net-(Q11-Pad1)"))
    (pad 3 thru_hole oval (at 5.08 0) (size 2 2) (drill 0.7) (layers *.Cu *.Mask)
      (net 2 +5V))
    (pad 2 thru_hole oval (at 2.54 0) (size 2 2) (drill 0.7) (layers *.Cu *.Mask)
      (net 45 "Net-(Q11-Pad2)"))
    (model ${KISYS3DMOD}/TO_SOT_Packages_THT.3dshapes/TO-92_Inline_Wide.wrl
      (offset (xyz 2.539999961853027 0 0))
      (scale (xyz 1 1 1))
      (rotate (xyz 0 0 -90))
    )
  )

  (module TO_SOT_Packages_THT:TO-92_Inline_Wide (layer F.Cu) (tedit 5B68B829) (tstamp 5B6AAF78)
    (at 154.432 94.996)
    (descr "TO-92 leads in-line, wide, drill 0.8mm (see NXP sot054_po.pdf)")
    (tags "to-92 sc-43 sc-43a sot54 PA33 transistor")
    (path /5B785A6D)
    (fp_text reference Q12 (at 2.54 -3.56 180) (layer F.SilkS)
      (effects (font (size 1 1) (thickness 0.15)))
    )
    (fp_text value 2N3904 (at 2.54 2.79) (layer F.Fab)
      (effects (font (size 1 1) (thickness 0.15)))
    )
    (fp_text user %R (at 2.54 -3.56 180) (layer F.Fab)
      (effects (font (size 1 1) (thickness 0.15)))
    )
    (fp_line (start 0.74 1.85) (end 4.34 1.85) (layer F.SilkS) (width 0.12))
    (fp_line (start 0.8 1.75) (end 4.3 1.75) (layer F.Fab) (width 0.1))
    (fp_line (start -1.01 -2.73) (end 6.09 -2.73) (layer F.CrtYd) (width 0.05))
    (fp_line (start -1.01 -2.73) (end -1.01 2.01) (layer F.CrtYd) (width 0.05))
    (fp_line (start 6.09 2.01) (end 6.09 -2.73) (layer F.CrtYd) (width 0.05))
    (fp_line (start 6.09 2.01) (end -1.01 2.01) (layer F.CrtYd) (width 0.05))
    (fp_arc (start 2.54 0) (end 0.74 1.85) (angle 20) (layer F.SilkS) (width 0.12))
    (fp_arc (start 2.54 0) (end 2.54 -2.6) (angle -65) (layer F.SilkS) (width 0.12))
    (fp_arc (start 2.54 0) (end 2.54 -2.6) (angle 65) (layer F.SilkS) (width 0.12))
    (fp_arc (start 2.54 0) (end 2.54 -2.48) (angle 135) (layer F.Fab) (width 0.1))
    (fp_arc (start 2.54 0) (end 2.54 -2.48) (angle -135) (layer F.Fab) (width 0.1))
    (fp_arc (start 2.54 0) (end 4.34 1.85) (angle -20) (layer F.SilkS) (width 0.12))
    (pad 2 thru_hole oval (at 2.54 0) (size 2 2) (drill 0.7) (layers *.Cu *.Mask)
      (net 42 "Net-(Q12-Pad2)"))
    (pad 3 thru_hole oval (at 5.08 0) (size 2 2) (drill 0.7) (layers *.Cu *.Mask)
      (net 2 +5V))
    (pad 1 thru_hole rect (at 0 0) (size 2 2) (drill 0.7) (layers *.Cu *.Mask)
      (net 43 "Net-(Q12-Pad1)"))
    (model ${KISYS3DMOD}/TO_SOT_Packages_THT.3dshapes/TO-92_Inline_Wide.wrl
      (offset (xyz 2.539999961853027 0 0))
      (scale (xyz 1 1 1))
      (rotate (xyz 0 0 -90))
    )
  )

  (module TO_SOT_Packages_THT:TO-92_Inline_Wide (layer F.Cu) (tedit 5B68B839) (tstamp 5B6AAF65)
    (at 231.648 53.848 90)
    (descr "TO-92 leads in-line, wide, drill 0.8mm (see NXP sot054_po.pdf)")
    (tags "to-92 sc-43 sc-43a sot54 PA33 transistor")
    (path /5B7B2A63)
    (fp_text reference Q8 (at 2.54 -3.56 270) (layer F.SilkS)
      (effects (font (size 1 1) (thickness 0.15)))
    )
    (fp_text value 2N3904 (at 2.54 2.79 90) (layer F.Fab)
      (effects (font (size 1 1) (thickness 0.15)))
    )
    (fp_arc (start 2.54 0) (end 4.34 1.85) (angle -20) (layer F.SilkS) (width 0.12))
    (fp_arc (start 2.54 0) (end 2.54 -2.48) (angle -135) (layer F.Fab) (width 0.1))
    (fp_arc (start 2.54 0) (end 2.54 -2.48) (angle 135) (layer F.Fab) (width 0.1))
    (fp_arc (start 2.54 0) (end 2.54 -2.6) (angle 65) (layer F.SilkS) (width 0.12))
    (fp_arc (start 2.54 0) (end 2.54 -2.6) (angle -65) (layer F.SilkS) (width 0.12))
    (fp_arc (start 2.54 0) (end 0.74 1.85) (angle 20) (layer F.SilkS) (width 0.12))
    (fp_line (start 6.09 2.01) (end -1.01 2.01) (layer F.CrtYd) (width 0.05))
    (fp_line (start 6.09 2.01) (end 6.09 -2.73) (layer F.CrtYd) (width 0.05))
    (fp_line (start -1.01 -2.73) (end -1.01 2.01) (layer F.CrtYd) (width 0.05))
    (fp_line (start -1.01 -2.73) (end 6.09 -2.73) (layer F.CrtYd) (width 0.05))
    (fp_line (start 0.8 1.75) (end 4.3 1.75) (layer F.Fab) (width 0.1))
    (fp_line (start 0.74 1.85) (end 4.34 1.85) (layer F.SilkS) (width 0.12))
    (fp_text user %R (at 2.54 -3.56 270) (layer F.Fab)
      (effects (font (size 1 1) (thickness 0.15)))
    )
    (pad 1 thru_hole rect (at 0 0 90) (size 2 2) (drill 0.7) (layers *.Cu *.Mask)
      (net 1 GND))
    (pad 3 thru_hole oval (at 5.08 0 90) (size 2 2) (drill 0.7) (layers *.Cu *.Mask)
      (net 40 "Net-(Q8-Pad3)"))
    (pad 2 thru_hole oval (at 2.54 0 90) (size 2 2) (drill 0.7) (layers *.Cu *.Mask)
      (net 41 "Net-(Q8-Pad2)"))
    (model ${KISYS3DMOD}/TO_SOT_Packages_THT.3dshapes/TO-92_Inline_Wide.wrl
      (offset (xyz 2.539999961853027 0 0))
      (scale (xyz 1 1 1))
      (rotate (xyz 0 0 -90))
    )
  )

  (module Housings_DIP:DIP-16_W7.62mm_Socket (layer F.Cu) (tedit 5B68AFC5) (tstamp 5B6857F0)
    (at 206.7306 76.1492 180)
    (descr "16-lead though-hole mounted DIP package, row spacing 7.62 mm (300 mils), Socket")
    (tags "THT DIP DIL PDIP 2.54mm 7.62mm 300mil Socket")
    (path /5B69B3E1)
    (fp_text reference U3 (at 3.81 -2.33 180) (layer F.SilkS)
      (effects (font (size 1 1) (thickness 0.15)))
    )
    (fp_text value 74HC595 (at 3.81 20.11 180) (layer F.Fab)
      (effects (font (size 1 1) (thickness 0.15)))
    )
    (fp_text user %R (at 3.81 8.89 180) (layer F.Fab)
      (effects (font (size 1 1) (thickness 0.15)))
    )
    (fp_line (start 9.15 -1.6) (end -1.55 -1.6) (layer F.CrtYd) (width 0.05))
    (fp_line (start 9.15 19.4) (end 9.15 -1.6) (layer F.CrtYd) (width 0.05))
    (fp_line (start -1.55 19.4) (end 9.15 19.4) (layer F.CrtYd) (width 0.05))
    (fp_line (start -1.55 -1.6) (end -1.55 19.4) (layer F.CrtYd) (width 0.05))
    (fp_line (start 8.95 -1.39) (end -1.33 -1.39) (layer F.SilkS) (width 0.12))
    (fp_line (start 8.95 19.17) (end 8.95 -1.39) (layer F.SilkS) (width 0.12))
    (fp_line (start -1.33 19.17) (end 8.95 19.17) (layer F.SilkS) (width 0.12))
    (fp_line (start -1.33 -1.39) (end -1.33 19.17) (layer F.SilkS) (width 0.12))
    (fp_line (start 6.46 -1.33) (end 4.81 -1.33) (layer F.SilkS) (width 0.12))
    (fp_line (start 6.46 19.11) (end 6.46 -1.33) (layer F.SilkS) (width 0.12))
    (fp_line (start 1.16 19.11) (end 6.46 19.11) (layer F.SilkS) (width 0.12))
    (fp_line (start 1.16 -1.33) (end 1.16 19.11) (layer F.SilkS) (width 0.12))
    (fp_line (start 2.81 -1.33) (end 1.16 -1.33) (layer F.SilkS) (width 0.12))
    (fp_line (start 8.89 -1.33) (end -1.27 -1.33) (layer F.Fab) (width 0.1))
    (fp_line (start 8.89 19.11) (end 8.89 -1.33) (layer F.Fab) (width 0.1))
    (fp_line (start -1.27 19.11) (end 8.89 19.11) (layer F.Fab) (width 0.1))
    (fp_line (start -1.27 -1.33) (end -1.27 19.11) (layer F.Fab) (width 0.1))
    (fp_line (start 0.635 -0.27) (end 1.635 -1.27) (layer F.Fab) (width 0.1))
    (fp_line (start 0.635 19.05) (end 0.635 -0.27) (layer F.Fab) (width 0.1))
    (fp_line (start 6.985 19.05) (end 0.635 19.05) (layer F.Fab) (width 0.1))
    (fp_line (start 6.985 -1.27) (end 6.985 19.05) (layer F.Fab) (width 0.1))
    (fp_line (start 1.635 -1.27) (end 6.985 -1.27) (layer F.Fab) (width 0.1))
    (fp_arc (start 3.81 -1.33) (end 2.81 -1.33) (angle -180) (layer F.SilkS) (width 0.12))
    (pad 16 thru_hole oval (at 7.62 0 180) (size 2 2) (drill 0.7) (layers *.Cu *.Mask)
      (net 2 +5V))
    (pad 8 thru_hole oval (at 0 17.78 180) (size 2 2) (drill 0.7) (layers *.Cu *.Mask)
      (net 1 GND))
    (pad 15 thru_hole oval (at 7.62 2.54 180) (size 2 2) (drill 0.7) (layers *.Cu *.Mask)
      (net 72 /QA))
    (pad 7 thru_hole oval (at 0 15.24 180) (size 2 2) (drill 0.7) (layers *.Cu *.Mask)
      (net 70 /QDP))
    (pad 14 thru_hole oval (at 7.62 5.08 180) (size 2 2) (drill 0.7) (layers *.Cu *.Mask)
      (net 20 /WATCH_DATA))
    (pad 6 thru_hole oval (at 0 12.7 180) (size 2 2) (drill 0.7) (layers *.Cu *.Mask)
      (net 66 /QG))
    (pad 13 thru_hole oval (at 7.62 7.62 180) (size 2 2) (drill 0.7) (layers *.Cu *.Mask)
      (net 2 +5V))
    (pad 5 thru_hole oval (at 0 10.16 180) (size 2 2) (drill 0.7) (layers *.Cu *.Mask)
      (net 74 /QF))
    (pad 12 thru_hole oval (at 7.62 10.16 180) (size 2 2) (drill 0.7) (layers *.Cu *.Mask)
      (net 16 /WATCH_RCLK))
    (pad 4 thru_hole oval (at 0 7.62 180) (size 2 2) (drill 0.7) (layers *.Cu *.Mask)
      (net 76 /QE))
    (pad 11 thru_hole oval (at 7.62 12.7 180) (size 2 2) (drill 0.7) (layers *.Cu *.Mask)
      (net 18 /WATCH_CLK))
    (pad 3 thru_hole oval (at 0 5.08 180) (size 2 2) (drill 0.7) (layers *.Cu *.Mask)
      (net 69 /QD))
    (pad 10 thru_hole oval (at 7.62 15.24 180) (size 2 2) (drill 0.7) (layers *.Cu *.Mask)
      (net 2 +5V))
    (pad 2 thru_hole oval (at 0 2.54 180) (size 2 2) (drill 0.7) (layers *.Cu *.Mask)
      (net 65 /QC))
    (pad 9 thru_hole oval (at 7.62 17.78 180) (size 2 2) (drill 0.7) (layers *.Cu *.Mask)
      (net 29 "Net-(U3-Pad9)"))
    (pad 1 thru_hole rect (at 0 0 180) (size 2 2) (drill 0.7) (layers *.Cu *.Mask)
      (net 78 /QB))
    (model ${KISYS3DMOD}/Housings_DIP.3dshapes/DIP-16_W7.62mm_Socket.wrl
      (at (xyz 0 0 0))
      (scale (xyz 1 1 1))
      (rotate (xyz 0 0 0))
    )
  )

  (module Resistors_THT:R_Axial_DIN0309_L9.0mm_D3.2mm_P12.70mm_Horizontal (layer F.Cu) (tedit 5874F706) (tstamp 5B69C31B)
    (at 245.364 61.976 90)
    (descr "Resistor, Axial_DIN0309 series, Axial, Horizontal, pin pitch=12.7mm, 0.5W = 1/2W, length*diameter=9*3.2mm^2, http://cdn-reichelt.de/documents/datenblatt/B400/1_4W%23YAG.pdf")
    (tags "Resistor Axial_DIN0309 series Axial Horizontal pin pitch 12.7mm 0.5W = 1/2W length 9mm diameter 3.2mm")
    (path /5B7B2A2E)
    (fp_text reference R17 (at 6.35 -2.66 90) (layer F.SilkS)
      (effects (font (size 1 1) (thickness 0.15)))
    )
    (fp_text value 500 (at 6.35 2.66 90) (layer F.Fab)
      (effects (font (size 1 1) (thickness 0.15)))
    )
    (fp_line (start 1.85 -1.6) (end 1.85 1.6) (layer F.Fab) (width 0.1))
    (fp_line (start 1.85 1.6) (end 10.85 1.6) (layer F.Fab) (width 0.1))
    (fp_line (start 10.85 1.6) (end 10.85 -1.6) (layer F.Fab) (width 0.1))
    (fp_line (start 10.85 -1.6) (end 1.85 -1.6) (layer F.Fab) (width 0.1))
    (fp_line (start 0 0) (end 1.85 0) (layer F.Fab) (width 0.1))
    (fp_line (start 12.7 0) (end 10.85 0) (layer F.Fab) (width 0.1))
    (fp_line (start 1.79 -1.66) (end 1.79 1.66) (layer F.SilkS) (width 0.12))
    (fp_line (start 1.79 1.66) (end 10.91 1.66) (layer F.SilkS) (width 0.12))
    (fp_line (start 10.91 1.66) (end 10.91 -1.66) (layer F.SilkS) (width 0.12))
    (fp_line (start 10.91 -1.66) (end 1.79 -1.66) (layer F.SilkS) (width 0.12))
    (fp_line (start 0.98 0) (end 1.79 0) (layer F.SilkS) (width 0.12))
    (fp_line (start 11.72 0) (end 10.91 0) (layer F.SilkS) (width 0.12))
    (fp_line (start -1.05 -1.95) (end -1.05 1.95) (layer F.CrtYd) (width 0.05))
    (fp_line (start -1.05 1.95) (end 13.75 1.95) (layer F.CrtYd) (width 0.05))
    (fp_line (start 13.75 1.95) (end 13.75 -1.95) (layer F.CrtYd) (width 0.05))
    (fp_line (start 13.75 -1.95) (end -1.05 -1.95) (layer F.CrtYd) (width 0.05))
    (pad 1 thru_hole oval (at 0 0 90) (size 2 2) (drill 0.7) (layers *.Cu *.Mask)
      (net 79 /f))
    (pad 2 thru_hole oval (at 12.7 0 90) (size 2 2) (drill 0.7) (layers *.Cu *.Mask)
      (net 63 "Net-(Q4-Pad3)"))
    (model ${KISYS3DMOD}/Resistors_THT.3dshapes/R_Axial_DIN0309_L9.0mm_D3.2mm_P12.70mm_Horizontal.wrl
      (at (xyz 0 0 0))
      (scale (xyz 0.393701 0.393701 0.393701))
      (rotate (xyz 0 0 0))
    )
  )

  (module Resistors_THT:R_Axial_DIN0309_L9.0mm_D3.2mm_P12.70mm_Horizontal (layer F.Cu) (tedit 5874F706) (tstamp 5B69C305)
    (at 225.044 78.0542 180)
    (descr "Resistor, Axial_DIN0309 series, Axial, Horizontal, pin pitch=12.7mm, 0.5W = 1/2W, length*diameter=9*3.2mm^2, http://cdn-reichelt.de/documents/datenblatt/B400/1_4W%23YAG.pdf")
    (tags "Resistor Axial_DIN0309 series Axial Horizontal pin pitch 12.7mm 0.5W = 1/2W length 9mm diameter 3.2mm")
    (path /5B7A9424)
    (fp_text reference R14 (at 6.35 -2.66 180) (layer F.SilkS)
      (effects (font (size 1 1) (thickness 0.15)))
    )
    (fp_text value 10k (at 6.35 2.66 180) (layer F.Fab)
      (effects (font (size 1 1) (thickness 0.15)))
    )
    (fp_line (start 13.75 -1.95) (end -1.05 -1.95) (layer F.CrtYd) (width 0.05))
    (fp_line (start 13.75 1.95) (end 13.75 -1.95) (layer F.CrtYd) (width 0.05))
    (fp_line (start -1.05 1.95) (end 13.75 1.95) (layer F.CrtYd) (width 0.05))
    (fp_line (start -1.05 -1.95) (end -1.05 1.95) (layer F.CrtYd) (width 0.05))
    (fp_line (start 11.72 0) (end 10.91 0) (layer F.SilkS) (width 0.12))
    (fp_line (start 0.98 0) (end 1.79 0) (layer F.SilkS) (width 0.12))
    (fp_line (start 10.91 -1.66) (end 1.79 -1.66) (layer F.SilkS) (width 0.12))
    (fp_line (start 10.91 1.66) (end 10.91 -1.66) (layer F.SilkS) (width 0.12))
    (fp_line (start 1.79 1.66) (end 10.91 1.66) (layer F.SilkS) (width 0.12))
    (fp_line (start 1.79 -1.66) (end 1.79 1.66) (layer F.SilkS) (width 0.12))
    (fp_line (start 12.7 0) (end 10.85 0) (layer F.Fab) (width 0.1))
    (fp_line (start 0 0) (end 1.85 0) (layer F.Fab) (width 0.1))
    (fp_line (start 10.85 -1.6) (end 1.85 -1.6) (layer F.Fab) (width 0.1))
    (fp_line (start 10.85 1.6) (end 10.85 -1.6) (layer F.Fab) (width 0.1))
    (fp_line (start 1.85 1.6) (end 10.85 1.6) (layer F.Fab) (width 0.1))
